"trait"
4.42184812886055
4.51743127168008
4.68213122712422
4.43355115232727
4.3210617205896
4.47966365074837
3.98713047791495
4.44135041075727
4.00551334851548
4.40854684448328
4.46791759256172
4.37682400470252
4.43698819274786
4.51961229762644
4.0943445622221
4.39911725446659
4.35502150652934
3.52547778217249
4.20123141243846
4.76294286986063
3.82537519870247
4.30271282795416
4.29387824789718
4.35169628486605
4.23555473077362
3.79323946943818
3.76699723337789
3.99231183665695
3.85142338329922
3.70480201465775
3.79098467705109
3.6988297849671
3.41772668361337
4.00551334851548
4.15304576682959
4.05817319508393
3.89182029811063
4.32057002622753
4.30811095172371
4.15543966158191
4.10791868224922
4.22829253473184
4.16278172377533
4.36246147917904
4.60266705576997
4.41279829334063
4.23916614676084
4.4672864786247
4.07584109065754
4.50454842467744
3.69424006035603
3.98898404656427
3.84801767545223
4.01241117945941
4.63812128612778
3.94893335944824
3.82319179172153
3.80058852498184
4.37866473983298
4.12552017969055
4.04129534113228
3.55105313720653
3.60114053980593
2.96225304647982
4.06263887373527
3.97066920086088
3.8649313978943
3.3178157727231
3.4904285153901
4.29907292330404
3.80291101734437
3.92395157629342
3.22286784613774
3.40119738166216
3.87057581551397
3.38777436133001
3.18013499655177
3.75185425327532
3.44680789291421
3.68260984110034
3.89792408104864
3.90801498403061
3.27336401015227
3.68637632389582
3.38777436133001
3.79773385902602
3.79773385902602
3.9759363311718
3.90197266957464
4.50468664740977
4.31715472463507
4.32446372727274
3.71332813451625
3.50480636428118
3.92592591059714
3.40734511224839
4.14128380814951
4.07889245766318
3.65970807681366
3.7536132686805
3.58351893845611
3.77292184468871
3.60086757679072
3.99452422693989
3.25848107946056
3.30688670219091
3.5548765217606
3.62667154831465
3.96128924673106
3.9383435604935
4.09217554493726
4.12834333139423
3.97687397774776
3.77620328228561
3.67545221079991
3.89406268005115
3.81308625756812
3.84801767545223
3.96043214463583
3.80832776908938
3.98555223871626
4.0515240442057
4.16037415865418
3.75419892023458
3.77007918448618
3.73766961828337
3.71153340467847
4.40575536824794
4.11998794220208
4.00369019395397
4.11414718951828
3.70990682130601
4.02980604108453
4.00733318523247
4.11087386417331
4.11903717481247
4.00914971615887
3.96081316959758
3.93116855415038
4.26127043353808
4.31160417037734
4.26275029709698
4.18677180246803
4.26436859120565
4.08092154188996
3.94931879017184
3.96651119071222
4.16666522380173
3.90841650983403
3.98898404656427
4.37332639712838
4.17899203628239
4.68203863024467
3.37142522332849
3.2557861788883
4.3391191336626
4.2850337899827
3.81286543389493
3.70831436675254
4.19968007756742
4.02168425963766
4.14938499397991
4.32714797316389
4.01223026584517
5.24372917626363
6.22455842927536
6.32051106692587
3.89100363820407
3.8155121050473
3.85333400907947
3.79773385902602
4.98907111618042
4.88225252927326
4.92667380691538
5.22666292049755
4.83707524297087
5.80211837537706
5.73172184334544
4.65538790214871
4.42157782206069
4.31079912538551
3.82209829790016
4.14472076954717
4.17438726989564
4.16666522380173
3.94449019556565
4.30541553230204
4.11414718951828
4.20841701848195
4.25773810913054
4.05644364442232
4.67888522381037
4.2941307757363
4.45408563411598
4.5013640172625
5.55218409050509
5.28421844216853
4.67899890013255
4.6431127057112
4.56976732699183
4.47122308926631
4.43930886351156
4.54413277790727
4.50621723981732
4.33235509318675
4.3277093200289
4.3327607245234
4.32890246447157
4.32610133513444
4.3489400904391
4.37349019541877
4.31227626094052
4.27343537929314
4.3804835894884
4.40698730387776
4.41635664540065
4.34297694043103
4.18529459785425
4.08480885217138
4.11952288595596
4.38451821517461
4.11078294231073
4.15453245710417
4.10247652274494
4.08187449132479
4.23833187265699
4.25707227867322
3.99722036552212
3.94375798837552
4.01990955837853
4.01636434921841
3.76919113052195
3.75121531894831
3.67954781367588
4.10945162915407
4.10917044173029
4.09420180355453
4.08524504552715
4.10932999529205
4.24444530466793
4.22195047944959
4.14645886222557
4.28564425796037
4.26640413644309
4.26456762453504
4.21524533614564
4.26160596048333
4.2487776838365
4.3182463740002
4.56792733130086
4.47182842562336
4.46006659871378
4.08079006605157
3.98686231734445
3.90263454896069
3.82754578669574
3.73711933442359
3.73053662943123
3.72477902794296
3.79031117410085
3.91355447392164
3.93673168830398
3.92387140724521
3.93788995261353
3.99827057809444
4.03541990331576
3.86532881699773
3.92862084078755
4.07864823137637
4.08195830296188
3.72006976565046
3.77417129770844
3.72945350552682
3.76102877143299
3.84709049006807
3.61997760367219
3.60159902470977
3.87556414789326
3.86849707484505
3.46018462598235
3.46668557803925
3.49658209071477
3.4101030133931
3.70477683927951
3.67198364921291
3.70064038715898
3.73467979766917
3.59318451643607
3.79868905240838
3.8356443279728
3.86575538016918
3.9427027561198
4.16276212649557
4.17092882594926
4.19169946064179
3.76093614059892
3.75161505329368
3.73470790970804
3.74529377608784
3.75162737736797
3.77824362176148
3.99099674155283
3.72199088171876
3.71735334161905
3.67537062773419
3.67649748544402
3.68090655469953
3.4359375104435
3.44685826884209
3.52832002345011
4.03888041448226
4.00925654780519
4.00052736372841
3.99798014068519
4.00567591995215
4.0003180292111
3.89142187798065
3.95011539169466
3.86793604062404
3.87795459826058
3.87819636152944
3.85333563763199
3.90181542444216
3.90069609712315
3.97004100971081
3.93808498893775
4.08235374425903
3.85911379624722
3.79116966042657
3.77104315458489
4.08215389603982
4.07569320117954
4.07003583429668
4.06453755120777
4.06684841902109
3.99504088999451
4.08010097976485
4.07181618539405
4.06955234140947
4.10085301721402
4.06317933723036
4.05056253414682
4.08515806804706
4.22417106412224
4.14520794581829
4.1642085976819
4.16744729579908
4.04396722048838
3.9848978975783
4.04919661198702
4.05130613377229
4.06309066688247
4.11745386447841
4.17495580369648
4.0527497228157
3.9029469499799
3.92115614932132
3.98078533786806
4.04665033881597
3.98848144066388
4.02569094550892
4.00007364542004
4.02882252742083
4.06596814938631
4.08815884823344
5.96052648673317
5.79256514055282
3.84705582917974
3.84858095829381
3.85263712756423
4.69204466948453
4.88496550757599
4.91961099305852
4.91802263560587
4.77008490781904
5.50992353396365
4.37820011005069
4.36046735944412
4.31127336765589
4.2970135099397
4.33188528003584
4.45685162234265
4.18153644024445
4.17447660773752
4.16828117632517
4.1527356216972
4.15850153336581
4.15900363047967
4.1757472269213
4.19100769117827
4.37668498481545
4.93020226108197
5.3445831084132
